#ESTAR: Stopping Powers and Range Tables for Electrons#
#
#he3 (Density=0.1 g/cm3) (I=41.8 eV)
##
#Kinetic    Collision Radiative 
#Energy     Stp. Pow. Stp. Pow. 
#MeV        MeV cm2/g MeV cm2/g 

 1.000E-02 2.267E+01 9.885E-04 
 1.250E-02 1.898E+01 9.941E-04 
 1.500E-02 1.642E+01 9.995E-04 
 1.750E-02 1.453E+01 1.005E-03 
 2.000E-02 1.307E+01 1.010E-03 
 2.500E-02 1.097E+01 1.020E-03 
 3.000E-02 9.521E+00 1.029E-03 
 3.500E-02 8.457E+00 1.039E-03 
 4.000E-02 7.642E+00 1.048E-03 
 4.500E-02 6.996E+00 1.057E-03 
 5.000E-02 6.471E+00 1.066E-03 
 5.500E-02 6.035E+00 1.075E-03 
 6.000E-02 5.669E+00 1.084E-03 
 7.000E-02 5.084E+00 1.101E-03 
 8.000E-02 4.638E+00 1.119E-03 
 9.000E-02 4.287E+00 1.138E-03 
 1.000E-01 4.003E+00 1.157E-03 
 1.250E-01 3.486E+00 1.207E-03 
 1.500E-01 3.137E+00 1.260E-03 
 1.750E-01 2.887E+00 1.316E-03 
 2.000E-01 2.700E+00 1.375E-03 
 2.500E-01 2.439E+00 1.499E-03 
 3.000E-01 2.269E+00 1.632E-03 
 3.500E-01 2.150E+00 1.774E-03 
 4.000E-01 2.064E+00 1.924E-03 
 4.500E-01 2.000E+00 2.081E-03 
 5.000E-01 1.952E+00 2.245E-03 
 5.500E-01 1.914E+00 2.416E-03 
 6.000E-01 1.884E+00 2.592E-03 
 7.000E-01 1.842E+00 2.961E-03 
 8.000E-01 1.815E+00 3.350E-03 
 9.000E-01 1.798E+00 3.757E-03 
 1.000E+00 1.787E+00 4.180E-03 
 1.250E+00 1.777E+00 5.306E-03 
 1.500E+00 1.780E+00 6.515E-03 
 1.750E+00 1.789E+00 7.793E-03 
 2.000E+00 1.801E+00 9.132E-03 
 2.500E+00 1.827E+00 1.196E-02 
 3.000E+00 1.854E+00 1.495E-02 
 3.500E+00 1.875E+00 1.809E-02 
 4.000E+00 1.891E+00 2.134E-02 
 4.500E+00 1.905E+00 2.469E-02 
 5.000E+00 1.917E+00 2.813E-02 
 5.500E+00 1.927E+00 3.165E-02 
 6.000E+00 1.936E+00 3.523E-02 
 7.000E+00 1.951E+00 4.260E-02 
 8.000E+00 1.963E+00 5.018E-02 
 9.000E+00 1.974E+00 5.793E-02 
 1.000E+01 1.983E+00 6.584E-02 
 1.250E+01 2.003E+00 8.617E-02 
 1.500E+01 2.018E+00 1.071E-01 
 1.750E+01 2.031E+00 1.286E-01 
 2.000E+01 2.042E+00 1.505E-01 
 2.500E+01 2.060E+00 1.952E-01 
 3.000E+01 2.074E+00 2.410E-01 
 3.500E+01 2.086E+00 2.875E-01 
 4.000E+01 2.097E+00 3.346E-01 
 4.500E+01 2.106E+00 3.822E-01 
 5.000E+01 2.114E+00 4.303E-01 
 5.500E+01 2.122E+00 4.786E-01 
 6.000E+01 2.129E+00 5.272E-01 
 7.000E+01 2.141E+00 6.252E-01 
 8.000E+01 2.151E+00 7.239E-01 
 9.000E+01 2.160E+00 8.231E-01 
 1.000E+02 2.168E+00 9.229E-01 
 1.250E+02 2.186E+00 1.174E+00 
 1.500E+02 2.200E+00 1.427E+00 
 1.750E+02 2.211E+00 1.681E+00 
 2.000E+02 2.222E+00 1.937E+00 
 2.500E+02 2.239E+00 2.451E+00 
 3.000E+02 2.253E+00 2.967E+00 
 3.500E+02 2.265E+00 3.486E+00 
 4.000E+02 2.275E+00 4.006E+00 
 4.500E+02 2.284E+00 4.527E+00 
 5.000E+02 2.292E+00 5.049E+00 
 5.500E+02 2.300E+00 5.573E+00 
 6.000E+02 2.306E+00 6.097E+00 
 7.000E+02 2.318E+00 7.147E+00 
 8.000E+02 2.328E+00 8.199E+00 
 9.000E+02 2.337E+00 9.253E+00 
 1.000E+03 2.345E+00 1.031E+01 
