1010   0.478956
1060   0.509024
10   0.410743
110   0.0813254
1110   0.485674
1160   0.52928
1210   0.543403
1260   0.564823
1310   0.580906
1360   0.574475
1410   0.594338
1460   0.659191
1510   0.635687
1560   0.653315
160   0.0742549
1610   0.653569
1660   0.712256
1710   0.688976
1760   0.734217
1810   0.713533
1860   0.687391
1910   0.698987
1960   0.77478
1   2.06448
2010   0.763379
2060   0.756265
210   0.0986446
2110   0.787971
2160   0.776711
2210   0.751449
2260   0.79205
2310   0.807925
2360   0.812402
2410   0.774338
2460   0.828451
2510   0.848919
2560   0.853937
260   0.109142
2610   0.853297
2660   0.89126
2710   0.91894
2760   0.888755
2810   0.912519
2860   0.910209
2910   0.869169
2960   0.905932
2   1.30266
3010   0.898898
3060   0.897752
310   0.150976
3110   0.914569
3160   0.933186
3210   0.931433
3260   0.955356
3310   0.970292
3360   0.93944
3410   0.950761
3460   0.958496
3510   0.951134
3560   0.973577
360   0.191555
3610   0.945286
3660   0.967469
3710   0.986617
3760   0.998394
3810   0.974531
3860   0.952966
3910   0.99695
3960   1.01712
3   0.986276
4010   0.999778
4060   1.00431
410   0.176261
4110   0.991381
4160   1.00759
4210   1.00746
4260   1.03567
4310   1.03268
4360   1.03718
4410   1.02794
4460   1.04669
4510   1.03244
4560   1.02886
460   0.230774
4610   1.04307
4660   1.03985
4710   1.02079
4760   1.06654
4810   1.04171
4860   1.03556
4910   1.04472
4960   1.07046
4   0.840692
510   0.230423
560   0.202267
5   0.709018
60   0.113257
610   0.269416
660   0.331953
6   0.61632
710   0.366914
760   0.337518
7   0.545616
810   0.362963
860   0.3967
8   0.490911
910   0.409102
960   0.47306
9   0.446912
