#ESTAR: Stopping Powers and Range Tables for Electrons

#He3 (Density=0.1 g/cm3) (I=41.8 eV)

#Kinetic    Total     
#Energy     Stp. Pow. 
#MeV        MeV cm2/g 

 1.000E-02 2.267E+01 
 1.250E-02 1.898E+01 
 1.500E-02 1.642E+01 
 1.750E-02 1.453E+01 
 2.000E-02 1.307E+01 
 2.500E-02 1.097E+01 
 3.000E-02 9.522E+00 
 3.500E-02 8.458E+00 
 4.000E-02 7.643E+00 
 4.500E-02 6.997E+00 
 5.000E-02 6.472E+00 
 5.500E-02 6.037E+00 
 6.000E-02 5.670E+00 
 7.000E-02 5.085E+00 
 8.000E-02 4.639E+00 
 9.000E-02 4.288E+00 
 1.000E-01 4.004E+00 
 1.250E-01 3.487E+00 
 1.500E-01 3.139E+00 
 1.750E-01 2.889E+00 
 2.000E-01 2.701E+00 
 2.500E-01 2.441E+00 
 3.000E-01 2.270E+00 
 3.500E-01 2.152E+00 
 4.000E-01 2.066E+00 
 4.500E-01 2.002E+00 
 5.000E-01 1.954E+00 
 5.500E-01 1.916E+00 
 6.000E-01 1.887E+00 
 7.000E-01 1.845E+00 
 8.000E-01 1.818E+00 
 9.000E-01 1.801E+00 
 1.000E+00 1.791E+00 
 1.250E+00 1.782E+00 
 1.500E+00 1.787E+00 
 1.750E+00 1.797E+00 
 2.000E+00 1.810E+00 
 2.500E+00 1.839E+00 
 3.000E+00 1.869E+00 
 3.500E+00 1.893E+00 
 4.000E+00 1.913E+00 
 4.500E+00 1.930E+00 
 5.000E+00 1.945E+00 
 5.500E+00 1.958E+00 
 6.000E+00 1.971E+00 
 7.000E+00 1.993E+00 
 8.000E+00 2.013E+00 
 9.000E+00 2.032E+00 
 1.000E+01 2.049E+00 
 1.250E+01 2.089E+00 
 1.500E+01 2.125E+00 
 1.750E+01 2.159E+00 
 2.000E+01 2.192E+00 
 2.500E+01 2.255E+00 
 3.000E+01 2.315E+00 
 3.500E+01 2.374E+00 
 4.000E+01 2.432E+00 
 4.500E+01 2.488E+00 
 5.000E+01 2.545E+00 
 5.500E+01 2.600E+00 
 6.000E+01 2.656E+00 
 7.000E+01 2.766E+00 
 8.000E+01 2.875E+00 
 9.000E+01 2.983E+00 
 1.000E+02 3.091E+00 
 1.250E+02 3.360E+00 
 1.500E+02 3.627E+00 
 1.750E+02 3.893E+00 
 2.000E+02 4.159E+00 
 2.500E+02 4.690E+00 
 3.000E+02 5.220E+00 
 3.500E+02 5.751E+00 
 4.000E+02 6.281E+00 
 4.500E+02 6.811E+00 
 5.000E+02 7.342E+00 
 5.500E+02 7.872E+00 
 6.000E+02 8.403E+00 
 7.000E+02 9.465E+00 
 8.000E+02 1.053E+01 
 9.000E+02 1.159E+01 
 1.000E+03 1.265E+01 
