101   0.219883
111   0.167897
11   -nan
121   0.134328
131   0.114473
141   0.153913
151   0.164913
161   0.145399
171   0.120115
181   0.103373
191   0.0952264
1   -nan
101   0.219883
111   0.167897
11   -nan
121   0.134328
131   0.114473
141   0.153913
151   0.164913
161   0.145399
171   0.120115
181   0.103373
191   0.0952264
1   -nan
201   0.102747
211   0.107603
21   -nan
221   0.104794
231   0.0966375
241   0.0877215
251   0.0821727
261   0.0804539
271   0.0821526
281   0.0827295
291   0.0824992
301   0.0785448
311   0.074472
31   -nan
321   0.0716563
331   0.0703849
341   0.0700331
351   0.070001
361   0.0701652
371   0.0688725
381   0.0670571
391   0.0651833
401   0.0630382
411   0.0628049
41   -nan
421   0.0629444
431   0.0623062
441   0.0627105
451   0.0612189
461   0.0616628
471   0.0601815
481   0.0586975
491   0.0586307
501   0.0578804
511   0.0572412
51   -nan
521   0.0572351
531   0.0564126
541   0.0566637
551   0.0557837
561   0.0557498
571   0.0551168
581   0.0545855
591   0.0542293
601   0.0539076
611   0.0533533
61   -nan
621   0.0538186
631   0.0527261
641   0.0527961
651   0.0529203
661   0.0518681
671   0.0516099
681   0.0522376
691   0.0516452
701   0.0514675
711   0.0505652
71   -nan
721   0.0508456
731   0.0506425
741   0.0503513
751   0.0503638
761   0.0503154
771   0.049912
781   0.0497374
791   0.049594
801   0.0496895
811   0.0492865
81   0.512383
821   0.0489451
831   0.048469
841   0.0492016
851   0.0489323
861   0.0484206
871   0.048585
881   0.048601
891   0.0477999
901   0.0481615
911   0.0486454
91   0.319198
921   0.0476226
931   0.0477013
941   0.0475058
951   0.0475109
961   0.0473588
971   0.0474377
981   0.0474297
991   0.0471726
